0_0 : x^6+5x^5+5x^4y+10x^4+10x^3y^2+10x^3y+10x^3+10x^2y^3+10x^2y^2+10x^2y+5x^2+5xy^4+5xy^3+5xy^2+5xy+x+y^5+y^4+y^3+y^2+y : [(0, 5), (0, 6), (1, 5), (1, 6), (2, 5), (2, 6), (3, 5), (3, 6), (4, 5), (4, 6), (5, 6)]
1_0 : x^6+5x^5+5x^4y+10x^4+7x^3y^2+13x^3y+10x^3+7x^2y^3+13x^2y^2+13x^2y+5x^2+4xy^4+8xy^3+8xy^2+6xy+x+y^5+2y^4+2y^3+2y^2+y : [(0, 4), (0, 5), (0, 6), (1, 5), (1, 6), (2, 5), (2, 6), (3, 5), (3, 6), (4, 6), (5, 6)]
2_0 : x^6+5x^5+6x^4y+9x^4+x^3y^3+8x^3y^2+13x^3y+7x^3+2x^2y^4+8x^2y^3+11x^2y^2+9x^2y+2x^2+xy^5+3xy^4+4xy^3+4xy^2+2xy : [(0, 4), (0, 5), (0, 6), (1, 5), (1, 6), (2, 5), (2, 6), (3, 6), (4, 5), (4, 6), (5, 6)]
2_1 : x^6+5x^5+6x^4y+9x^4+x^3y^3+8x^3y^2+13x^3y+7x^3+2x^2y^4+8x^2y^3+11x^2y^2+9x^2y+2x^2+xy^5+3xy^4+4xy^3+4xy^2+2xy : [(0, 4), (0, 5), (0, 6), (1, 4), (2, 5), (2, 6), (3, 5), (3, 6), (4, 5), (4, 6), (5, 6)]
2_2 : x^6+5x^5+6x^4y+9x^4+x^3y^3+8x^3y^2+13x^3y+7x^3+2x^2y^4+8x^2y^3+11x^2y^2+9x^2y+2x^2+xy^5+3xy^4+4xy^3+4xy^2+2xy : [(0, 3), (0, 5), (0, 6), (1, 4), (1, 5), (1, 6), (2, 5), (2, 6), (3, 5), (3, 6), (5, 6)]
3_0 : x^6+5x^5+2x^4y+13x^4+x^3y^2+16x^3y+16x^3+3x^2y^3+16x^2y^2+22x^2y+9x^2+3xy^4+11xy^3+15xy^2+11xy+2x+y^5+3y^4+4y^3+4y^2+2y : [(0, 4), (0, 5), (0, 6), (1, 5), (1, 6), (2, 5), (2, 6), (3, 5), (3, 6), (4, 5), (4, 6)]
4_0 : x^6+5x^5+5x^4y+10x^4+6x^3y^2+15x^3y+9x^3+x^2y^4+7x^2y^3+14x^2y^2+13x^2y+3x^2+xy^5+4xy^4+7xy^3+7xy^2+3xy : [(0, 4), (0, 5), (0, 6), (1, 4), (1, 5), (1, 6), (2, 5), (2, 6), (3, 6), (4, 6), (5, 6)]
4_1 : x^6+5x^5+5x^4y+10x^4+6x^3y^2+15x^3y+9x^3+x^2y^4+7x^2y^3+14x^2y^2+13x^2y+3x^2+xy^5+4xy^4+7xy^3+7xy^2+3xy : [(0, 4), (0, 5), (0, 6), (1, 4), (1, 5), (1, 6), (2, 5), (2, 6), (3, 6), (4, 5), (5, 6)]
4_2 : x^6+5x^5+5x^4y+10x^4+6x^3y^2+15x^3y+9x^3+x^2y^4+7x^2y^3+14x^2y^2+13x^2y+3x^2+xy^5+4xy^4+7xy^3+7xy^2+3xy : [(0, 4), (0, 5), (0, 6), (1, 4), (1, 5), (1, 6), (2, 4), (2, 6), (3, 5), (4, 6), (5, 6)]
4_3 : x^6+5x^5+5x^4y+10x^4+6x^3y^2+15x^3y+9x^3+x^2y^4+7x^2y^3+14x^2y^2+13x^2y+3x^2+xy^5+4xy^4+7xy^3+7xy^2+3xy : [(0, 3), (0, 4), (0, 5), (0, 6), (1, 4), (1, 5), (1, 6), (2, 5), (2, 6), (4, 6), (5, 6)]
4_4 : x^6+5x^5+5x^4y+10x^4+6x^3y^2+15x^3y+9x^3+x^2y^4+7x^2y^3+14x^2y^2+13x^2y+3x^2+xy^5+4xy^4+7xy^3+7xy^2+3xy : [(0, 3), (0, 5), (0, 6), (1, 4), (1, 5), (1, 6), (2, 4), (2, 5), (2, 6), (4, 6), (5, 6)]
5_0 : x^6+5x^5+5x^4y+10x^4+5x^3y^2+15x^3y+10x^3+4x^2y^3+15x^2y^2+16x^2y+5x^2+3xy^4+10xy^3+12xy^2+7xy+x+y^5+3y^4+4y^3+3y^2+y : [(0, 4), (0, 5), (0, 6), (1, 4), (1, 6), (2, 5), (2, 6), (3, 5), (3, 6), (4, 6), (5, 6)]
5_1 : x^6+5x^5+5x^4y+10x^4+5x^3y^2+15x^3y+10x^3+4x^2y^3+15x^2y^2+16x^2y+5x^2+3xy^4+10xy^3+12xy^2+7xy+x+y^5+3y^4+4y^3+3y^2+y : [(0, 3), (0, 5), (0, 6), (1, 4), (1, 6), (2, 4), (2, 6), (3, 5), (4, 5), (4, 6), (5, 6)]
6_0 : x^6+5x^5+7x^4y+8x^4+2x^3y^3+9x^3y^2+13x^3y+4x^3+x^2y^5+4x^2y^4+8x^2y^3+9x^2y^2+4x^2y : [(0, 4), (0, 5), (0, 6), (1, 4), (1, 5), (1, 6), (2, 6), (3, 6), (4, 5), (4, 6), (5, 6)]
6_1 : x^6+5x^5+7x^4y+8x^4+2x^3y^3+9x^3y^2+13x^3y+4x^3+x^2y^5+4x^2y^4+8x^2y^3+9x^2y^2+4x^2y : [(0, 4), (0, 5), (0, 6), (1, 4), (1, 5), (1, 6), (2, 5), (3, 6), (4, 5), (4, 6), (5, 6)]
6_2 : x^6+5x^5+7x^4y+8x^4+2x^3y^3+9x^3y^2+13x^3y+4x^3+x^2y^5+4x^2y^4+8x^2y^3+9x^2y^2+4x^2y : [(0, 3), (0, 4), (0, 5), (0, 6), (1, 4), (1, 5), (1, 6), (2, 6), (4, 5), (4, 6), (5, 6)]
6_3 : x^6+5x^5+7x^4y+8x^4+2x^3y^3+9x^3y^2+13x^3y+4x^3+x^2y^5+4x^2y^4+8x^2y^3+9x^2y^2+4x^2y : [(0, 3), (0, 6), (1, 4), (1, 5), (1, 6), (2, 4), (2, 5), (2, 6), (4, 5), (4, 6), (5, 6)]
6_4 : x^6+5x^5+7x^4y+8x^4+2x^3y^3+9x^3y^2+13x^3y+4x^3+x^2y^5+4x^2y^4+8x^2y^3+9x^2y^2+4x^2y : [(0, 3), (0, 4), (0, 5), (0, 6), (1, 6), (2, 6), (3, 4), (3, 5), (3, 6), (4, 5), (4, 6)]
6_5 : x^6+5x^5+7x^4y+8x^4+2x^3y^3+9x^3y^2+13x^3y+4x^3+x^2y^5+4x^2y^4+8x^2y^3+9x^2y^2+4x^2y : [(0, 3), (0, 4), (0, 5), (0, 6), (1, 4), (2, 5), (3, 4), (3, 5), (3, 6), (4, 6), (5, 6)]
6_6 : x^6+5x^5+7x^4y+8x^4+2x^3y^3+9x^3y^2+13x^3y+4x^3+x^2y^5+4x^2y^4+8x^2y^3+9x^2y^2+4x^2y : [(0, 2), (0, 4), (0, 5), (0, 6), (1, 3), (1, 6), (2, 4), (2, 5), (2, 6), (4, 5), (4, 6)]
7_0 : x^6+5x^5+6x^4y+9x^4+x^3y^3+7x^3y^2+14x^3y+7x^3+2x^2y^4+7x^2y^3+12x^2y^2+10x^2y+2x^2+xy^5+3xy^4+5xy^3+5xy^2+2xy : [(0, 4), (0, 5), (0, 6), (1, 4), (1, 6), (2, 5), (2, 6), (3, 6), (4, 5), (4, 6), (5, 6)]
7_1 : x^6+5x^5+6x^4y+9x^4+x^3y^3+7x^3y^2+14x^3y+7x^3+2x^2y^4+7x^2y^3+12x^2y^2+10x^2y+2x^2+xy^5+3xy^4+5xy^3+5xy^2+2xy : [(0, 4), (0, 5), (0, 6), (1, 4), (1, 6), (2, 5), (2, 6), (3, 5), (4, 5), (4, 6), (5, 6)]
7_2 : x^6+5x^5+6x^4y+9x^4+x^3y^3+7x^3y^2+14x^3y+7x^3+2x^2y^4+7x^2y^3+12x^2y^2+10x^2y+2x^2+xy^5+3xy^4+5xy^3+5xy^2+2xy : [(0, 3), (0, 4), (0, 5), (0, 6), (1, 4), (1, 6), (2, 5), (2, 6), (4, 5), (4, 6), (5, 6)]
7_3 : x^6+5x^5+6x^4y+9x^4+x^3y^3+7x^3y^2+14x^3y+7x^3+2x^2y^4+7x^2y^3+12x^2y^2+10x^2y+2x^2+xy^5+3xy^4+5xy^3+5xy^2+2xy : [(0, 3), (0, 5), (0, 6), (1, 4), (1, 5), (1, 6), (2, 4), (2, 6), (4, 5), (4, 6), (5, 6)]
8_0 : x^6+5x^5+5x^4y+10x^4+6x^3y^2+14x^3y+10x^3+6x^2y^3+14x^2y^2+14x^2y+5x^2+4xy^4+8xy^3+10xy^2+6xy+x+y^5+2y^4+3y^3+2y^2+y : [(0, 4), (0, 6), (1, 4), (1, 6), (2, 5), (2, 6), (3, 5), (3, 6), (4, 5), (4, 6), (5, 6)]
9_0 : x^6+5x^5+2x^4y+13x^4+x^3y^2+14x^3y+18x^3+x^2y^3+13x^2y^2+26x^2y+12x^2+2xy^4+11xy^3+20xy^2+16xy+3x+y^5+4y^4+7y^3+7y^2+3y : [(0, 4), (0, 5), (0, 6), (1, 4), (1, 5), (1, 6), (2, 5), (2, 6), (3, 5), (3, 6), (4, 6)]
10_0 : x^6+5x^5+4x^4y+11x^4+6x^3y^2+12x^3y+13x^3+5x^2y^3+12x^2y^2+17x^2y+8x^2+3xy^4+9xy^3+12xy^2+10xy+2x+y^5+3y^4+4y^3+4y^2+2y : [(0, 4), (0, 5), (0, 6), (1, 4), (1, 5), (1, 6), (2, 5), (2, 6), (3, 5), (3, 6), (5, 6)]
11_0 : x^6+5x^5+4x^4y+11x^4+4x^3y^2+16x^3y+11x^3+x^2y^4+6x^2y^3+15x^2y^2+16x^2y+4x^2+xy^5+4xy^4+8xy^3+9xy^2+4xy : [(0, 4), (0, 5), (0, 6), (1, 4), (1, 5), (1, 6), (2, 5), (2, 6), (3, 6), (4, 5), (4, 6)]
11_1 : x^6+5x^5+4x^4y+11x^4+4x^3y^2+16x^3y+11x^3+x^2y^4+6x^2y^3+15x^2y^2+16x^2y+4x^2+xy^5+4xy^4+8xy^3+9xy^2+4xy : [(0, 4), (0, 5), (0, 6), (1, 4), (1, 5), (1, 6), (2, 4), (2, 5), (3, 6), (4, 6), (5, 6)]
11_2 : x^6+5x^5+4x^4y+11x^4+4x^3y^2+16x^3y+11x^3+x^2y^4+6x^2y^3+15x^2y^2+16x^2y+4x^2+xy^5+4xy^4+8xy^3+9xy^2+4xy : [(0, 3), (0, 4), (0, 5), (0, 6), (1, 4), (1, 5), (1, 6), (2, 4), (2, 5), (4, 6), (5, 6)]
11_3 : x^6+5x^5+4x^4y+11x^4+4x^3y^2+16x^3y+11x^3+x^2y^4+6x^2y^3+15x^2y^2+16x^2y+4x^2+xy^5+4xy^4+8xy^3+9xy^2+4xy : [(0, 3), (0, 4), (0, 5), (1, 4), (1, 5), (1, 6), (2, 4), (2, 5), (2, 6), (4, 6), (5, 6)]
12_0 : x^6+5x^5+3x^4y+12x^4+2x^3y^2+15x^3y+15x^3+3x^2y^3+14x^2y^2+22x^2y+9x^2+3xy^4+10xy^3+16xy^2+12xy+2x+y^5+3y^4+5y^3+5y^2+2y : [(0, 4), (0, 5), (0, 6), (1, 4), (1, 6), (2, 5), (2, 6), (3, 5), (3, 6), (4, 5), (4, 6)]
13_0 : x^6+5x^5+4x^4y+11x^4+4x^3y^2+14x^3y+13x^3+4x^2y^3+14x^2y^2+18x^2y+8x^2+3xy^4+10xy^3+13xy^2+10xy+2x+y^5+3y^4+4y^3+4y^2+2y : [(0, 4), (0, 5), (0, 6), (1, 4), (1, 6), (2, 5), (2, 6), (3, 5), (3, 6), (4, 5), (5, 6)]
14_0 : x^6+5x^5+5x^4y+10x^4+5x^3y^2+15x^3y+10x^3+6x^2y^3+13x^2y^2+16x^2y+5x^2+4xy^4+8xy^3+11xy^2+7xy+x+y^5+2y^4+3y^3+3y^2+y : [(0, 4), (0, 5), (1, 4), (1, 6), (2, 5), (2, 6), (3, 5), (3, 6), (4, 5), (4, 6), (5, 6)]
15_0 : x^6+5x^5+3x^4y+12x^4+3x^3y^2+15x^3y+14x^3+4x^2y^3+15x^2y^2+21x^2y+6x^2+xy^5+5xy^4+11xy^3+13xy^2+6xy : [(0, 4), (0, 5), (0, 6), (1, 4), (1, 5), (1, 6), (2, 4), (2, 5), (2, 6), (3, 6), (4, 6)]
15_1 : x^6+5x^5+3x^4y+12x^4+3x^3y^2+15x^3y+14x^3+4x^2y^3+15x^2y^2+21x^2y+6x^2+xy^5+5xy^4+11xy^3+13xy^2+6xy : [(0, 4), (0, 5), (0, 6), (1, 4), (1, 5), (1, 6), (2, 4), (2, 5), (2, 6), (3, 5), (4, 6)]
15_2 : x^6+5x^5+3x^4y+12x^4+3x^3y^2+15x^3y+14x^3+4x^2y^3+15x^2y^2+21x^2y+6x^2+xy^5+5xy^4+11xy^3+13xy^2+6xy : [(0, 3), (0, 4), (0, 5), (0, 6), (1, 4), (1, 5), (1, 6), (2, 4), (2, 5), (2, 6), (4, 6)]
16_0 : x^6+5x^5+3x^4y+12x^4+3x^3y^2+13x^3y+16x^3+2x^2y^3+12x^2y^2+23x^2y+11x^2+2xy^4+10xy^3+18xy^2+15xy+3x+y^5+4y^4+7y^3+7y^2+3y : [(0, 4), (0, 5), (0, 6), (1, 4), (1, 5), (1, 6), (2, 4), (2, 6), (3, 5), (3, 6), (4, 6)]
17_0 : x^6+5x^5+4x^4y+11x^4+3x^3y^2+15x^3y+13x^3+3x^2y^3+14x^2y^2+20x^2y+8x^2+3xy^4+10xy^3+15xy^2+11xy+2x+y^5+3y^4+5y^3+5y^2+2y : [(0, 4), (0, 5), (0, 6), (1, 4), (1, 5), (2, 4), (2, 6), (3, 5), (3, 6), (4, 6), (5, 6)]
18_0 : x^6+5x^5+15x^4+12x^3y+23x^3+9x^2y^2+30x^2y+19x^2+xy^4+9xy^3+24xy^2+26xy+6x+y^5+5y^4+11y^3+13y^2+6y : [(0, 4), (0, 5), (0, 6), (1, 4), (1, 5), (1, 6), (2, 4), (2, 5), (2, 6), (3, 5), (3, 6)]
19_0 : x^6+5x^5+2x^4y+13x^4+x^3y^2+13x^3y+19x^3+x^2y^3+11x^2y^2+27x^2y+14x^2+2xy^4+10xy^3+21xy^2+19xy+4x+y^5+4y^4+8y^3+9y^2+4y : [(0, 4), (0, 5), (0, 6), (1, 4), (1, 5), (1, 6), (2, 4), (2, 5), (3, 5), (3, 6), (4, 6)]
20_0 : x^6+5x^5+5x^4y+10x^4+5x^3y^2+15x^3y+10x^3+5x^2y^3+14x^2y^2+16x^2y+5x^2+3xy^4+9xy^3+12xy^2+7xy+x+y^5+3y^4+4y^3+3y^2+y : [(0, 3), (0, 5), (0, 6), (1, 4), (1, 5), (1, 6), (2, 5), (2, 6), (3, 6), (4, 6), (5, 6)]
20_1 : x^6+5x^5+5x^4y+10x^4+5x^3y^2+15x^3y+10x^3+5x^2y^3+14x^2y^2+16x^2y+5x^2+3xy^4+9xy^3+12xy^2+7xy+x+y^5+3y^4+4y^3+3y^2+y : [(0, 3), (0, 5), (0, 6), (1, 4), (1, 5), (1, 6), (2, 5), (2, 6), (3, 5), (4, 6), (5, 6)]
21_0 : x^6+5x^5+6x^4y+9x^4+x^3y^3+6x^3y^2+15x^3y+7x^3+x^2y^4+6x^2y^3+14x^2y^2+11x^2y+2x^2+xy^5+4xy^4+7xy^3+6xy^2+2xy : [(0, 3), (0, 5), (0, 6), (1, 4), (1, 5), (1, 6), (2, 6), (3, 5), (3, 6), (4, 6), (5, 6)]
21_1 : x^6+5x^5+6x^4y+9x^4+x^3y^3+6x^3y^2+15x^3y+7x^3+x^2y^4+6x^2y^3+14x^2y^2+11x^2y+2x^2+xy^5+4xy^4+7xy^3+6xy^2+2xy : [(0, 3), (0, 5), (0, 6), (1, 4), (1, 5), (1, 6), (2, 5), (3, 5), (3, 6), (4, 6), (5, 6)]
21_2 : x^6+5x^5+6x^4y+9x^4+x^3y^3+6x^3y^2+15x^3y+7x^3+x^2y^4+6x^2y^3+14x^2y^2+11x^2y+2x^2+xy^5+4xy^4+7xy^3+6xy^2+2xy : [(0, 3), (0, 5), (0, 6), (1, 4), (1, 5), (1, 6), (2, 4), (3, 5), (3, 6), (4, 6), (5, 6)]
21_3 : x^6+5x^5+6x^4y+9x^4+x^3y^3+6x^3y^2+15x^3y+7x^3+x^2y^4+6x^2y^3+14x^2y^2+11x^2y+2x^2+xy^5+4xy^4+7xy^3+6xy^2+2xy : [(0, 3), (0, 5), (0, 6), (1, 4), (1, 5), (1, 6), (2, 4), (3, 6), (4, 5), (4, 6), (5, 6)]
21_4 : x^6+5x^5+6x^4y+9x^4+x^3y^3+6x^3y^2+15x^3y+7x^3+x^2y^4+6x^2y^3+14x^2y^2+11x^2y+2x^2+xy^5+4xy^4+7xy^3+6xy^2+2xy : [(0, 3), (0, 5), (0, 6), (1, 4), (1, 6), (2, 4), (3, 5), (3, 6), (4, 5), (4, 6), (5, 6)]
22_0 : x^6+5x^5+6x^4y+9x^4+x^3y^3+5x^3y^2+16x^3y+7x^3+x^2y^4+4x^2y^3+14x^2y^2+14x^2y+2x^2+2xy^4+8xy^3+11xy^2+4xy+y^5+3y^4+4y^3+2y^2 : [(0, 3), (0, 5), (0, 6), (1, 4), (1, 6), (2, 5), (2, 6), (3, 5), (3, 6), (4, 6), (5, 6)]
22_1 : x^6+5x^5+6x^4y+9x^4+x^3y^3+5x^3y^2+16x^3y+7x^3+x^2y^4+4x^2y^3+14x^2y^2+14x^2y+2x^2+2xy^4+8xy^3+11xy^2+4xy+y^5+3y^4+4y^3+2y^2 : [(0, 3), (0, 6), (1, 4), (1, 5), (1, 6), (2, 4), (2, 5), (3, 6), (4, 5), (4, 6), (5, 6)]
22_2 : x^6+5x^5+6x^4y+9x^4+x^3y^3+5x^3y^2+16x^3y+7x^3+x^2y^4+4x^2y^3+14x^2y^2+14x^2y+2x^2+2xy^4+8xy^3+11xy^2+4xy+y^5+3y^4+4y^3+2y^2 : [(0, 2), (0, 4), (0, 5), (0, 6), (1, 3), (1, 5), (1, 6), (2, 4), (3, 5), (3, 6), (5, 6)]
23_0 : x^6+5x^5+3x^4y+12x^4+x^3y^2+16x^3y+15x^3+2x^2y^3+14x^2y^2+24x^2y+9x^2+2xy^4+10xy^3+19xy^2+13xy+2x+y^5+4y^4+7y^3+6y^2+2y : [(0, 3), (0, 5), (0, 6), (1, 4), (1, 5), (1, 6), (2, 5), (2, 6), (3, 5), (3, 6), (4, 6)]
24_0 : x^6+5x^5+5x^4y+10x^4+x^3y^3+5x^3y^2+13x^3y+11x^3+x^2y^4+4x^2y^3+12x^2y^2+15x^2y+7x^2+2xy^4+8xy^3+11xy^2+9xy+2x+y^5+3y^4+4y^3+4y^2+2y : [(0, 3), (0, 5), (0, 6), (1, 4), (1, 5), (2, 5), (2, 6), (3, 5), (3, 6), (4, 6), (5, 6)]
25_0 : x^6+5x^5+4x^4y+11x^4+2x^3y^2+18x^3y+11x^3+4x^2y^3+18x^2y^2+18x^2y+4x^2+xy^5+5xy^4+11xy^3+11xy^2+4xy : [(0, 3), (0, 5), (0, 6), (1, 4), (1, 5), (1, 6), (2, 6), (3, 5), (3, 6), (4, 5), (4, 6)]
25_1 : x^6+5x^5+4x^4y+11x^4+2x^3y^2+18x^3y+11x^3+4x^2y^3+18x^2y^2+18x^2y+4x^2+xy^5+5xy^4+11xy^3+11xy^2+4xy : [(0, 3), (0, 4), (0, 5), (1, 4), (1, 5), (1, 6), (2, 6), (3, 4), (3, 5), (4, 6), (5, 6)]
26_0 : x^6+5x^5+5x^4y+10x^4+4x^3y^2+16x^3y+10x^3+3x^2y^3+15x^2y^2+18x^2y+5x^2+2xy^4+10xy^3+15xy^2+8xy+x+y^5+4y^4+6y^3+4y^2+y : [(0, 3), (0, 4), (0, 6), (1, 4), (1, 5), (1, 6), (2, 5), (2, 6), (3, 6), (4, 6), (5, 6)]
26_1 : x^6+5x^5+5x^4y+10x^4+4x^3y^2+16x^3y+10x^3+3x^2y^3+15x^2y^2+18x^2y+5x^2+2xy^4+10xy^3+15xy^2+8xy+x+y^5+4y^4+6y^3+4y^2+y : [(0, 3), (0, 5), (0, 6), (1, 4), (1, 5), (1, 6), (2, 4), (2, 6), (3, 5), (4, 6), (5, 6)]
26_2 : x^6+5x^5+5x^4y+10x^4+4x^3y^2+16x^3y+10x^3+3x^2y^3+15x^2y^2+18x^2y+5x^2+2xy^4+10xy^3+15xy^2+8xy+x+y^5+4y^4+6y^3+4y^2+y : [(0, 2), (0, 4), (0, 5), (0, 6), (1, 3), (1, 5), (1, 6), (2, 4), (2, 6), (3, 5), (5, 6)]
27_0 : x^6+5x^5+5x^4y+10x^4+5x^3y^2+15x^3y+10x^3+5x^2y^3+15x^2y^2+16x^2y+4x^2+xy^5+5xy^4+10xy^3+10xy^2+4xy : [(0, 3), (0, 4), (0, 6), (1, 4), (1, 5), (1, 6), (2, 6), (3, 5), (3, 6), (4, 6), (5, 6)]
27_1 : x^6+5x^5+5x^4y+10x^4+5x^3y^2+15x^3y+10x^3+5x^2y^3+15x^2y^2+16x^2y+4x^2+xy^5+5xy^4+10xy^3+10xy^2+4xy : [(0, 3), (0, 4), (0, 6), (1, 4), (1, 5), (1, 6), (2, 5), (3, 5), (3, 6), (4, 6), (5, 6)]
28_0 : x^6+5x^5+3x^4y+12x^4+2x^3y^2+14x^3y+16x^3+2x^2y^3+13x^2y^2+23x^2y+11x^2+2xy^4+10xy^3+18xy^2+15xy+3x+y^5+4y^4+7y^3+7y^2+3y : [(0, 3), (0, 4), (0, 5), (0, 6), (1, 4), (1, 5), (1, 6), (2, 5), (2, 6), (3, 6), (4, 6)]
29_0 : x^6+5x^5+4x^4y+11x^4+4x^3y^2+14x^3y+13x^3+4x^2y^3+13x^2y^2+19x^2y+8x^2+3xy^4+9xy^3+14xy^2+11xy+2x+y^5+3y^4+5y^3+5y^2+2y : [(0, 3), (0, 4), (0, 5), (0, 6), (1, 4), (1, 5), (1, 6), (2, 5), (2, 6), (3, 6), (5, 6)]
30_0 : x^6+5x^5+4x^4y+11x^4+3x^3y^2+16x^3y+12x^3+4x^2y^3+16x^2y^2+19x^2y+5x^2+xy^5+5xy^4+11xy^3+12xy^2+5xy : [(0, 3), (0, 4), (0, 5), (0, 6), (1, 4), (1, 5), (1, 6), (2, 6), (3, 5), (3, 6), (4, 6)]
30_1 : x^6+5x^5+4x^4y+11x^4+3x^3y^2+16x^3y+12x^3+4x^2y^3+16x^2y^2+19x^2y+5x^2+xy^5+5xy^4+11xy^3+12xy^2+5xy : [(0, 3), (0, 4), (0, 5), (0, 6), (1, 4), (1, 5), (1, 6), (2, 5), (3, 4), (3, 6), (5, 6)]
30_2 : x^6+5x^5+4x^4y+11x^4+3x^3y^2+16x^3y+12x^3+4x^2y^3+16x^2y^2+19x^2y+5x^2+xy^5+5xy^4+11xy^3+12xy^2+5xy : [(0, 3), (0, 4), (0, 5), (1, 4), (1, 5), (1, 6), (2, 5), (3, 4), (3, 6), (4, 6), (5, 6)]
31_0 : x^6+5x^5+5x^4y+10x^4+x^3y^3+5x^3y^2+14x^3y+10x^3+x^2y^4+5x^2y^3+13x^2y^2+15x^2y+4x^2+xy^5+4xy^4+8xy^3+9xy^2+4xy : [(0, 3), (0, 4), (0, 5), (0, 6), (1, 4), (1, 5), (1, 6), (2, 6), (3, 5), (3, 6), (5, 6)]
31_1 : x^6+5x^5+5x^4y+10x^4+x^3y^3+5x^3y^2+14x^3y+10x^3+x^2y^4+5x^2y^3+13x^2y^2+15x^2y+4x^2+xy^5+4xy^4+8xy^3+9xy^2+4xy : [(0, 3), (0, 4), (0, 5), (1, 4), (1, 5), (1, 6), (2, 6), (3, 6), (4, 5), (4, 6), (5, 6)]
31_2 : x^6+5x^5+5x^4y+10x^4+x^3y^3+5x^3y^2+14x^3y+10x^3+x^2y^4+5x^2y^3+13x^2y^2+15x^2y+4x^2+xy^5+4xy^4+8xy^3+9xy^2+4xy : [(0, 3), (0, 4), (0, 5), (0, 6), (1, 4), (1, 5), (1, 6), (2, 5), (3, 4), (3, 6), (4, 6)]
31_3 : x^6+5x^5+5x^4y+10x^4+x^3y^3+5x^3y^2+14x^3y+10x^3+x^2y^4+5x^2y^3+13x^2y^2+15x^2y+4x^2+xy^5+4xy^4+8xy^3+9xy^2+4xy : [(0, 3), (0, 4), (0, 5), (0, 6), (1, 4), (1, 5), (2, 5), (3, 4), (3, 6), (4, 6), (5, 6)]
31_4 : x^6+5x^5+5x^4y+10x^4+x^3y^3+5x^3y^2+14x^3y+10x^3+x^2y^4+5x^2y^3+13x^2y^2+15x^2y+4x^2+xy^5+4xy^4+8xy^3+9xy^2+4xy : [(0, 3), (0, 4), (0, 5), (0, 6), (1, 4), (2, 5), (2, 6), (3, 4), (3, 5), (3, 6), (4, 6)]
32_0 : x^6+5x^5+5x^4y+10x^4+5x^3y^2+16x^3y+9x^3+x^2y^4+6x^2y^3+15x^2y^2+14x^2y+3x^2+xy^5+4xy^4+8xy^3+8xy^2+3xy : [(0, 3), (0, 4), (0, 5), (0, 6), (1, 4), (1, 5), (1, 6), (2, 6), (3, 5), (4, 6), (5, 6)]
32_1 : x^6+5x^5+5x^4y+10x^4+5x^3y^2+16x^3y+9x^3+x^2y^4+6x^2y^3+15x^2y^2+14x^2y+3x^2+xy^5+4xy^4+8xy^3+8xy^2+3xy : [(0, 3), (0, 4), (0, 5), (0, 6), (1, 4), (1, 5), (1, 6), (2, 6), (3, 6), (4, 5), (4, 6)]
32_2 : x^6+5x^5+5x^4y+10x^4+5x^3y^2+16x^3y+9x^3+x^2y^4+6x^2y^3+15x^2y^2+14x^2y+3x^2+xy^5+4xy^4+8xy^3+8xy^2+3xy : [(0, 3), (0, 4), (0, 5), (0, 6), (1, 4), (1, 6), (2, 5), (3, 4), (3, 5), (4, 6), (5, 6)]
32_3 : x^6+5x^5+5x^4y+10x^4+5x^3y^2+16x^3y+9x^3+x^2y^4+6x^2y^3+15x^2y^2+14x^2y+3x^2+xy^5+4xy^4+8xy^3+8xy^2+3xy : [(0, 3), (0, 4), (0, 5), (0, 6), (1, 3), (2, 4), (2, 5), (2, 6), (3, 5), (4, 6), (5, 6)]
33_0 : x^6+5x^5+3x^4y+12x^4+2x^3y^2+13x^3y+17x^3+x^2y^3+11x^2y^2+25x^2y+13x^2+xy^4+9xy^3+21xy^2+19xy+4x+y^5+5y^4+10y^3+10y^2+4y : [(0, 3), (0, 4), (0, 6), (1, 4), (1, 5), (1, 6), (2, 5), (2, 6), (3, 5), (3, 6), (4, 6)]
34_0 : x^6+5x^5+4x^4y+11x^4+4x^3y^2+13x^3y+14x^3+3x^2y^3+12x^2y^2+20x^2y+10x^2+2xy^4+9xy^3+16xy^2+14xy+3x+y^5+4y^4+7y^3+7y^2+3y : [(0, 3), (0, 4), (0, 6), (1, 4), (1, 5), (1, 6), (2, 5), (2, 6), (3, 5), (3, 6), (5, 6)]
35_0 : x^6+5x^5+4x^4y+11x^4+3x^3y^2+14x^3y+14x^3+2x^2y^3+13x^2y^2+21x^2y+10x^2+2xy^4+10xy^3+17xy^2+14xy+3x+y^5+4y^4+7y^3+7y^2+3y : [(0, 3), (0, 4), (0, 6), (1, 4), (1, 5), (1, 6), (2, 5), (2, 6), (3, 5), (4, 6), (5, 6)]
36_0 : x^6+5x^5+6x^4y+9x^4+x^3y^3+7x^3y^2+14x^3y+7x^3+2x^2y^4+6x^2y^3+13x^2y^2+10x^2y+2x^2+xy^5+3xy^4+6xy^3+5xy^2+2xy : [(0, 3), (0, 4), (0, 5), (0, 6), (1, 4), (1, 5), (2, 6), (3, 6), (4, 5), (4, 6), (5, 6)]
36_1 : x^6+5x^5+6x^4y+9x^4+x^3y^3+7x^3y^2+14x^3y+7x^3+2x^2y^4+6x^2y^3+13x^2y^2+10x^2y+2x^2+xy^5+3xy^4+6xy^3+5xy^2+2xy : [(0, 2), (0, 4), (0, 5), (0, 6), (1, 3), (1, 5), (1, 6), (2, 4), (2, 5), (2, 6), (5, 6)]
37_0 : x^6+5x^5+4x^4y+11x^4+3x^3y^2+15x^3y+13x^3+4x^2y^3+13x^2y^2+20x^2y+8x^2+3xy^4+9xy^3+15xy^2+11xy+2x+y^5+3y^4+5y^3+5y^2+2y : [(0, 3), (0, 4), (0, 5), (0, 6), (1, 4), (1, 6), (2, 5), (2, 6), (3, 6), (4, 5), (4, 6)]
38_0 : x^6+5x^5+2x^4y+13x^4+13x^3y+20x^3+10x^2y^2+29x^2y+16x^2+xy^4+9xy^3+24xy^2+23xy+5x+y^5+5y^4+11y^3+12y^2+5y : [(0, 3), (0, 4), (0, 5), (1, 4), (1, 5), (1, 6), (2, 5), (2, 6), (3, 5), (3, 6), (4, 6)]
39_0 : x^6+5x^5+5x^4y+10x^4+4x^3y^2+17x^3y+9x^3+x^2y^4+4x^2y^3+14x^2y^2+18x^2y+3x^2+xy^4+8xy^3+15xy^2+6xy+y^5+4y^4+6y^3+3y^2 : [(0, 3), (0, 6), (1, 4), (1, 5), (1, 6), (2, 4), (2, 5), (2, 6), (3, 6), (4, 6), (5, 6)]
39_1 : x^6+5x^5+5x^4y+10x^4+4x^3y^2+17x^3y+9x^3+x^2y^4+4x^2y^3+14x^2y^2+18x^2y+3x^2+xy^4+8xy^3+15xy^2+6xy+y^5+4y^4+6y^3+3y^2 : [(0, 3), (0, 6), (1, 4), (1, 5), (1, 6), (2, 4), (2, 5), (2, 6), (3, 6), (4, 5), (4, 6)]
40_0 : x^6+5x^5+3x^4y+12x^4+x^3y^2+15x^3y+16x^3+x^2y^3+12x^2y^2+26x^2y+11x^2+xy^4+9xy^3+22xy^2+17xy+3x+y^5+5y^4+10y^3+9y^2+3y : [(0, 3), (0, 5), (0, 6), (1, 4), (1, 5), (1, 6), (2, 4), (2, 5), (2, 6), (3, 6), (4, 6)]
40_1 : x^6+5x^5+3x^4y+12x^4+x^3y^2+15x^3y+16x^3+x^2y^3+12x^2y^2+26x^2y+11x^2+xy^4+9xy^3+22xy^2+17xy+3x+y^5+5y^4+10y^3+9y^2+3y : [(0, 3), (0, 5), (0, 6), (1, 4), (1, 5), (1, 6), (2, 4), (2, 5), (2, 6), (3, 6), (4, 5)]
41_0 : x^6+5x^5+4x^4y+11x^4+4x^3y^2+14x^3y+13x^3+4x^2y^3+12x^2y^2+20x^2y+8x^2+2xy^4+8xy^3+16xy^2+12xy+2x+y^5+4y^4+7y^3+6y^2+2y : [(0, 3), (0, 5), (0, 6), (1, 4), (1, 5), (1, 6), (2, 4), (2, 5), (2, 6), (3, 6), (5, 6)]
42_0 : x^6+5x^5+4x^4y+11x^4+3x^3y^2+15x^3y+13x^3+3x^2y^3+13x^2y^2+21x^2y+8x^2+2xy^4+9xy^3+17xy^2+12xy+2x+y^5+4y^4+7y^3+6y^2+2y : [(0, 3), (0, 5), (0, 6), (1, 4), (1, 5), (1, 6), (2, 4), (2, 5), (3, 6), (4, 6), (5, 6)]
42_1 : x^6+5x^5+4x^4y+11x^4+3x^3y^2+15x^3y+13x^3+3x^2y^3+13x^2y^2+21x^2y+8x^2+2xy^4+9xy^3+17xy^2+12xy+2x+y^5+4y^4+7y^3+6y^2+2y : [(0, 3), (0, 5), (0, 6), (1, 4), (1, 5), (1, 6), (2, 4), (2, 6), (3, 6), (4, 5), (5, 6)]
43_0 : x^6+5x^5+4x^4y+11x^4+4x^3y^2+14x^3y+13x^3+x^2y^4+4x^2y^3+12x^2y^2+18x^2y+9x^2+xy^4+7xy^3+14xy^2+13xy+3x+y^5+4y^4+7y^3+7y^2+3y : [(0, 3), (0, 5), (1, 4), (1, 5), (1, 6), (2, 4), (2, 5), (2, 6), (3, 6), (4, 6), (5, 6)]
44_0 : x^6+5x^5+4x^4y+11x^4+2x^3y^2+16x^3y+13x^3+x^2y^3+14x^2y^2+23x^2y+8x^2+xy^4+10xy^3+20xy^2+13xy+2x+y^5+5y^4+9y^3+7y^2+2y : [(0, 3), (0, 5), (0, 6), (1, 4), (1, 5), (1, 6), (2, 4), (2, 6), (3, 5), (3, 6), (4, 6)]
44_1 : x^6+5x^5+4x^4y+11x^4+2x^3y^2+16x^3y+13x^3+x^2y^3+14x^2y^2+23x^2y+8x^2+xy^4+10xy^3+20xy^2+13xy+2x+y^5+5y^4+9y^3+7y^2+2y : [(0, 2), (0, 4), (0, 5), (0, 6), (1, 3), (1, 5), (1, 6), (2, 4), (2, 6), (3, 5), (3, 6)]
45_0 : x^6+5x^5+5x^4y+10x^4+x^3y^3+5x^3y^2+13x^3y+11x^3+x^2y^4+4x^2y^3+10x^2y^2+17x^2y+7x^2+xy^4+6xy^3+14xy^2+11xy+2x+y^5+4y^4+7y^3+6y^2+2y : [(0, 3), (0, 5), (0, 6), (1, 4), (1, 5), (1, 6), (2, 4), (2, 6), (3, 5), (3, 6), (5, 6)]
46_0 : x^6+5x^5+5x^4y+10x^4+x^3y^3+3x^3y^2+15x^3y+11x^3+2x^2y^3+13x^2y^2+19x^2y+7x^2+2xy^4+9xy^3+16xy^2+11xy+2x+y^5+4y^4+7y^3+6y^2+2y : [(0, 3), (0, 5), (0, 6), (1, 4), (1, 5), (2, 4), (2, 6), (3, 5), (3, 6), (4, 6), (5, 6)]
46_1 : x^6+5x^5+5x^4y+10x^4+x^3y^3+3x^3y^2+15x^3y+11x^3+2x^2y^3+13x^2y^2+19x^2y+7x^2+2xy^4+9xy^3+16xy^2+11xy+2x+y^5+4y^4+7y^3+6y^2+2y : [(0, 2), (0, 4), (0, 5), (0, 6), (1, 3), (1, 5), (1, 6), (2, 4), (2, 6), (3, 5), (4, 6)]
47_0 : x^6+5x^5+4x^4y+11x^4+2x^3y^2+16x^3y+13x^3+2x^2y^3+14x^2y^2+22x^2y+8x^2+2xy^4+10xy^3+18xy^2+12xy+2x+y^5+4y^4+7y^3+6y^2+2y : [(0, 3), (0, 5), (0, 6), (1, 4), (1, 5), (1, 6), (2, 4), (2, 6), (3, 6), (4, 5), (4, 6)]
47_1 : x^6+5x^5+4x^4y+11x^4+2x^3y^2+16x^3y+13x^3+2x^2y^3+14x^2y^2+22x^2y+8x^2+2xy^4+10xy^3+18xy^2+12xy+2x+y^5+4y^4+7y^3+6y^2+2y : [(0, 3), (0, 4), (0, 5), (1, 4), (1, 5), (1, 6), (2, 5), (2, 6), (3, 4), (4, 6), (5, 6)]
48_0 : x^6+5x^5+5x^4y+10x^4+4x^3y^2+16x^3y+10x^3+4x^2y^3+14x^2y^2+18x^2y+5x^2+3xy^4+9xy^3+14xy^2+8xy+x+y^5+3y^4+5y^3+4y^2+y : [(0, 3), (0, 5), (0, 6), (1, 4), (1, 5), (2, 4), (2, 6), (3, 6), (4, 5), (4, 6), (5, 6)]
49_0 : x^6+5x^5+5x^4y+10x^4+x^3y^3+5x^3y^2+13x^3y+11x^3+x^2y^4+4x^2y^3+11x^2y^2+16x^2y+7x^2+2xy^4+7xy^3+12xy^2+10xy+2x+y^5+3y^4+5y^3+5y^2+2y : [(0, 3), (0, 5), (1, 4), (1, 5), (1, 6), (2, 4), (2, 6), (3, 6), (4, 5), (4, 6), (5, 6)]
50_0 : x^6+5x^5+4x^4y+11x^4+2x^3y^2+16x^3y+13x^3+x^2y^3+16x^2y^2+21x^2y+8x^2+2xy^4+12xy^3+17xy^2+11xy+2x+y^5+4y^4+6y^3+5y^2+2y : [(0, 3), (0, 5), (0, 6), (1, 4), (1, 6), (2, 4), (2, 6), (3, 5), (3, 6), (4, 5), (4, 6)]
51_0 : x^6+5x^5+4x^4y+11x^4+x^3y^3+3x^3y^2+13x^3y+14x^3+2x^2y^3+11x^2y^2+22x^2y+9x^2+2xy^4+9xy^3+18xy^2+13xy+2x+y^5+4y^4+7y^3+6y^2+2y : [(0, 3), (0, 5), (0, 6), (1, 4), (1, 6), (2, 4), (2, 6), (3, 5), (3, 6), (4, 5), (5, 6)]
52_0 : x^6+5x^5+2x^4y+13x^4+x^3y^2+14x^3y+18x^3+2x^2y^3+10x^2y^2+27x^2y+13x^2+xy^4+7xy^3+22xy^2+20xy+4x+y^5+5y^4+11y^3+11y^2+4y : [(0, 3), (0, 5), (0, 6), (1, 4), (1, 5), (1, 6), (2, 4), (2, 5), (2, 6), (3, 5), (3, 6)]
53_0 : x^6+5x^5+3x^4y+12x^4+x^3y^2+14x^3y+17x^3+x^2y^3+10x^2y^2+27x^2y+13x^2+xy^4+8xy^3+23xy^2+20xy+4x+y^5+5y^4+11y^3+11y^2+4y : [(0, 3), (0, 5), (0, 6), (1, 4), (1, 5), (1, 6), (2, 4), (2, 6), (3, 5), (3, 6), (4, 5)]
54_0 : x^6+5x^5+6x^4y+9x^4+x^3y^3+4x^3y^2+17x^3y+7x^3+2x^2y^3+17x^2y^2+15x^2y+2x^2+2xy^4+11xy^3+13xy^2+4xy+y^5+4y^4+5y^3+2y^2 : [(0, 3), (0, 4), (0, 6), (1, 5), (1, 6), (2, 5), (2, 6), (3, 4), (3, 6), (4, 6), (5, 6)]
54_1 : x^6+5x^5+6x^4y+9x^4+x^3y^3+4x^3y^2+17x^3y+7x^3+2x^2y^3+17x^2y^2+15x^2y+2x^2+2xy^4+11xy^3+13xy^2+4xy+y^5+4y^4+5y^3+2y^2 : [(0, 2), (0, 4), (0, 6), (1, 3), (1, 5), (1, 6), (2, 4), (2, 6), (3, 5), (3, 6), (4, 6)]
55_0 : x^6+5x^5+x^4y+14x^4+13x^3y+21x^3+10x^2y^2+30x^2y+16x^2+xy^4+9xy^3+24xy^2+23xy+5x+y^5+5y^4+11y^3+12y^2+5y : [(0, 3), (0, 4), (0, 5), (0, 6), (1, 4), (1, 5), (1, 6), (2, 4), (2, 5), (2, 6), (3, 6)]
56_0 : x^6+5x^5+2x^4y+13x^4+x^3y^2+12x^3y+20x^3+x^2y^3+10x^2y^2+26x^2y+17x^2+xy^4+8xy^3+21xy^2+24xy+6x+y^5+5y^4+11y^3+13y^2+6y : [(0, 3), (0, 4), (0, 5), (1, 4), (1, 5), (1, 6), (2, 4), (2, 5), (2, 6), (3, 6), (4, 6)]
57_0 : x^6+5x^5+3x^4y+12x^4+3x^3y^2+14x^3y+15x^3+3x^2y^3+13x^2y^2+22x^2y+9x^2+3xy^4+9xy^3+17xy^2+12xy+2x+y^5+3y^4+6y^3+5y^2+2y : [(0, 3), (0, 4), (0, 5), (0, 6), (1, 4), (1, 5), (2, 4), (2, 5), (3, 6), (4, 6), (5, 6)]
58_0 : x^6+5x^5+2x^4y+13x^4+x^3y^2+14x^3y+18x^3+2x^2y^3+12x^2y^2+25x^2y+13x^2+2xy^4+9xy^3+19xy^2+18xy+4x+y^5+4y^4+8y^3+9y^2+4y : [(0, 3), (0, 4), (0, 5), (1, 4), (1, 5), (1, 6), (2, 4), (2, 5), (3, 6), (4, 6), (5, 6)]
59_0 : x^6+5x^5+x^4y+14x^4+11x^3y+23x^3+7x^2y^2+30x^2y+21x^2+6xy^3+25xy^2+31xy+8x+y^5+6y^4+15y^3+18y^2+8y : [(0, 3), (0, 4), (0, 6), (1, 4), (1, 5), (1, 6), (2, 4), (2, 5), (2, 6), (3, 5), (3, 6)]
60_0 : x^6+5x^5+3x^4y+12x^4+3x^3y^2+11x^3y+18x^3+2x^2y^3+9x^2y^2+23x^2y+16x^2+xy^4+7xy^3+19xy^2+23xy+6x+y^5+5y^4+11y^3+13y^2+6y : [(0, 3), (0, 4), (0, 6), (1, 4), (1, 5), (1, 6), (2, 4), (2, 5), (2, 6), (3, 5), (4, 6)]
61_0 : x^6+5x^5+3x^4y+12x^4+2x^3y^2+13x^3y+17x^3+2x^2y^3+11x^2y^2+24x^2y+13x^2+2xy^4+9xy^3+19xy^2+18xy+4x+y^5+4y^4+8y^3+9y^2+4y : [(0, 3), (0, 4), (0, 6), (1, 4), (1, 5), (1, 6), (2, 4), (2, 5), (3, 5), (4, 6), (5, 6)]
62_0 : x^6+5x^5+4x^4y+11x^4+4x^3y^2+13x^3y+14x^3+x^2y^4+4x^2y^3+10x^2y^2+19x^2y+11x^2+xy^4+6xy^3+15xy^2+16xy+4x+y^5+4y^4+8y^3+9y^2+4y : [(0, 3), (0, 4), (1, 4), (1, 5), (1, 6), (2, 4), (2, 5), (2, 6), (3, 5), (4, 6), (5, 6)]
63_0 : x^6+5x^5+3x^4y+12x^4+2x^3y^2+13x^3y+17x^3+x^2y^3+11x^2y^2+26x^2y+12x^2+2xy^4+10xy^3+21xy^2+17xy+3x+y^5+4y^4+8y^3+8y^2+3y : [(0, 3), (0, 4), (0, 6), (1, 4), (1, 5), (2, 4), (2, 5), (3, 5), (3, 6), (4, 6), (5, 6)]
64_0 : x^6+5x^5+3x^4y+12x^4+2x^3y^2+14x^3y+16x^3+2x^2y^3+12x^2y^2+24x^2y+11x^2+2xy^4+9xy^3+19xy^2+16xy+3x+y^5+4y^4+8y^3+8y^2+3y : [(0, 3), (0, 4), (0, 5), (0, 6), (1, 4), (1, 5), (1, 6), (2, 5), (2, 6), (3, 4), (4, 6)]
65_0 : x^6+5x^5+4x^4y+11x^4+x^3y^3+3x^3y^2+12x^3y+15x^3+2x^2y^3+10x^2y^2+21x^2y+12x^2+2xy^4+8xy^3+17xy^2+17xy+4x+y^5+4y^4+8y^3+9y^2+4y : [(0, 3), (0, 4), (0, 5), (0, 6), (1, 4), (1, 5), (2, 5), (2, 6), (3, 4), (3, 6), (4, 6)]
66_0 : x^6+5x^5+3x^4y+12x^4+2x^3y^2+12x^3y+18x^3+x^2y^3+9x^2y^2+26x^2y+15x^2+xy^4+8xy^3+22xy^2+22xy+5x+y^5+5y^4+11y^3+12y^2+5y : [(0, 3), (0, 4), (0, 5), (1, 4), (1, 5), (1, 6), (2, 5), (2, 6), (3, 4), (3, 6), (4, 6)]
67_0 : x^6+5x^5+4x^4y+11x^4+3x^3y^2+15x^3y+13x^3+2x^2y^3+14x^2y^2+21x^2y+8x^2+2xy^4+10xy^3+17xy^2+12xy+2x+y^5+4y^4+7y^3+6y^2+2y : [(0, 3), (0, 4), (0, 5), (0, 6), (1, 4), (1, 5), (1, 6), (2, 5), (2, 6), (3, 4), (5, 6)]
68_0 : x^6+5x^5+4x^4y+11x^4+3x^3y^2+14x^3y+14x^3+2x^2y^3+12x^2y^2+22x^2y+10x^2+2xy^4+9xy^3+18xy^2+15xy+3x+y^5+4y^4+8y^3+8y^2+3y : [(0, 3), (0, 4), (0, 5), (0, 6), (1, 4), (1, 5), (2, 5), (2, 6), (3, 4), (3, 6), (5, 6)]
69_0 : x^6+5x^5+3x^4y+12x^4+x^3y^2+14x^3y+17x^3+12x^2y^2+26x^2y+13x^2+xy^4+10xy^3+22xy^2+19xy+4x+y^5+5y^4+10y^3+10y^2+4y : [(0, 3), (0, 4), (0, 5), (1, 4), (1, 5), (1, 6), (2, 5), (2, 6), (3, 4), (3, 6), (5, 6)]
70_0 : x^6+5x^5+4x^4y+11x^4+3x^3y^2+15x^3y+13x^3+3x^2y^3+14x^2y^2+20x^2y+8x^2+3xy^4+9xy^3+16xy^2+11xy+2x+y^5+3y^4+6y^3+5y^2+2y : [(0, 3), (0, 4), (0, 5), (0, 6), (1, 4), (1, 5), (2, 5), (2, 6), (3, 4), (4, 6), (5, 6)]
71_0 : x^6+5x^5+3x^4y+12x^4+x^3y^2+15x^3y+16x^3+x^2y^3+13x^2y^2+25x^2y+11x^2+2xy^4+10xy^3+20xy^2+16xy+3x+y^5+4y^4+8y^3+8y^2+3y : [(0, 3), (0, 4), (0, 5), (1, 4), (1, 5), (2, 5), (2, 6), (3, 4), (3, 6), (4, 6), (5, 6)]
72_0 : x^6+5x^5+4x^4y+11x^4+x^3y^2+17x^3y+13x^3+x^2y^3+14x^2y^2+24x^2y+8x^2+2xy^4+10xy^3+20xy^2+13xy+2x+y^5+4y^4+8y^3+7y^2+2y : [(0, 3), (0, 4), (0, 5), (1, 4), (1, 6), (2, 5), (2, 6), (3, 4), (3, 5), (4, 6), (5, 6)]
73_0 : x^6+5x^5+4x^4y+11x^4+3x^3y^2+14x^3y+14x^3+2x^2y^3+12x^2y^2+21x^2y+11x^2+xy^4+8xy^3+18xy^2+17xy+4x+y^5+5y^4+10y^3+10y^2+4y : [(0, 3), (0, 4), (0, 6), (1, 3), (1, 5), (1, 6), (2, 4), (2, 5), (2, 6), (3, 6), (4, 6)]
74_0 : x^6+5x^5+2x^4y+13x^4+x^3y^2+13x^3y+19x^3+x^2y^3+10x^2y^2+27x^2y+15x^2+xy^4+8xy^3+22xy^2+22xy+5x+y^5+5y^4+11y^3+12y^2+5y : [(0, 3), (0, 4), (0, 5), (0, 6), (1, 3), (1, 5), (1, 6), (2, 4), (2, 5), (2, 6), (3, 6)]
75_0 : x^6+5x^5+3x^4y+12x^4+2x^3y^2+13x^3y+17x^3+2x^2y^3+10x^2y^2+24x^2y+14x^2+xy^4+7xy^3+20xy^2+21xy+5x+y^5+5y^4+11y^3+12y^2+5y : [(0, 3), (0, 4), (0, 5), (0, 6), (1, 3), (1, 5), (1, 6), (2, 4), (2, 5), (3, 6), (4, 6)]
76_0 : x^6+5x^5+2x^4y+13x^4+12x^3y+21x^3+7x^2y^2+30x^2y+19x^2+6xy^3+26xy^2+29xy+7x+y^5+6y^4+15y^3+17y^2+7y : [(0, 3), (0, 4), (0, 5), (1, 3), (1, 5), (1, 6), (2, 4), (2, 5), (2, 6), (3, 6), (4, 6)]
77_0 : x^6+5x^5+3x^4y+12x^4+3x^3y^2+13x^3y+16x^3+3x^2y^3+11x^2y^2+22x^2y+12x^2+2xy^4+8xy^3+17xy^2+17xy+4x+y^5+4y^4+8y^3+9y^2+4y : [(0, 3), (0, 4), (0, 5), (0, 6), (1, 3), (1, 5), (1, 6), (2, 4), (2, 5), (2, 6), (5, 6)]
78_0 : x^6+5x^5+4x^4y+11x^4+4x^3y^2+14x^3y+13x^3+x^2y^4+4x^2y^3+11x^2y^2+19x^2y+9x^2+xy^4+6xy^3+15xy^2+14xy+3x+y^5+4y^4+8y^3+8y^2+3y : [(0, 3), (0, 4), (0, 5), (0, 6), (1, 3), (1, 5), (1, 6), (2, 4), (2, 5), (3, 6), (5, 6)]
79_0 : x^6+5x^5+3x^4y+12x^4+2x^3y^2+14x^3y+16x^3+3x^2y^3+12x^2y^2+22x^2y+12x^2+2xy^4+8xy^3+17xy^2+17xy+4x+y^5+4y^4+8y^3+9y^2+4y : [(0, 3), (0, 4), (0, 5), (0, 6), (1, 3), (1, 5), (2, 4), (2, 5), (2, 6), (3, 6), (5, 6)]
80_0 : x^6+5x^5+3x^4y+12x^4+15x^3y+17x^3+11x^2y^2+28x^2y+13x^2+xy^4+9xy^3+24xy^2+20xy+4x+y^5+5y^4+11y^3+11y^2+4y : [(0, 3), (0, 4), (0, 5), (1, 3), (1, 6), (2, 4), (2, 5), (2, 6), (3, 5), (3, 6), (4, 6)]
81_0 : x^6+5x^5+3x^4y+12x^4+x^3y^2+13x^3y+18x^3+9x^2y^2+27x^2y+16x^2+7xy^3+24xy^2+25xy+6x+y^5+6y^4+14y^3+15y^2+6y : [(0, 3), (0, 4), (0, 6), (1, 3), (1, 5), (1, 6), (2, 4), (2, 5), (2, 6), (3, 5), (4, 6)]
82_0 : x^6+5x^5+4x^4y+11x^4+3x^3y^2+13x^3y+15x^3+2x^2y^3+10x^2y^2+22x^2y+13x^2+xy^4+7xy^3+19xy^2+20xy+5x+y^5+5y^4+11y^3+12y^2+5y : [(0, 3), (0, 4), (0, 6), (1, 3), (1, 5), (1, 6), (2, 4), (2, 5), (3, 5), (3, 6), (4, 6)]
83_0 : x^6+5x^5+4x^4y+11x^4+2x^3y^2+15x^3y+14x^3+x^2y^3+12x^2y^2+24x^2y+10x^2+xy^4+9xy^3+21xy^2+16xy+3x+y^5+5y^4+10y^3+9y^2+3y : [(0, 3), (0, 4), (0, 6), (1, 3), (1, 5), (2, 4), (2, 5), (2, 6), (3, 5), (3, 6), (4, 6)]
84_0 : x^6+5x^5+3x^4y+12x^4+x^3y^2+14x^3y+17x^3+x^2y^3+11x^2y^2+25x^2y+14x^2+xy^4+8xy^3+21xy^2+21xy+5x+y^5+5y^4+11y^3+12y^2+5y : [(0, 3), (0, 4), (1, 3), (1, 5), (1, 6), (2, 4), (2, 5), (2, 6), (3, 5), (3, 6), (4, 6)]
85_0 : x^6+5x^5+4x^4y+11x^4+3x^3y^2+14x^3y+14x^3+3x^2y^3+11x^2y^2+22x^2y+10x^2+2xy^4+8xy^3+18xy^2+15xy+3x+y^5+4y^4+8y^3+8y^2+3y : [(0, 3), (0, 4), (0, 6), (1, 3), (1, 5), (2, 4), (2, 5), (2, 6), (3, 5), (3, 6), (5, 6)]
86_0 : x^6+5x^5+5x^4y+10x^4+x^3y^3+5x^3y^2+12x^3y+12x^3+x^2y^4+4x^2y^3+9x^2y^2+16x^2y+10x^2+xy^4+5xy^3+13xy^2+15xy+4x+y^5+4y^4+8y^3+9y^2+4y : [(0, 2), (0, 4), (0, 5), (0, 6), (1, 3), (1, 5), (2, 4), (2, 5), (2, 6), (3, 6), (4, 6)]
87_0 : x^6+5x^5+5x^4y+10x^4+x^3y^3+5x^3y^2+13x^3y+11x^3+x^2y^4+4x^2y^3+11x^2y^2+16x^2y+7x^2+2xy^4+6xy^3+13xy^2+10xy+2x+y^5+3y^4+6y^3+5y^2+2y : [(0, 2), (0, 4), (0, 5), (0, 6), (1, 3), (1, 5), (2, 4), (2, 5), (2, 6), (3, 6), (5, 6)]
88_0 : x^6+5x^5+4x^4y+11x^4+2x^3y^2+14x^3y+15x^3+10x^2y^2+26x^2y+12x^2+8xy^3+24xy^2+20xy+4x+y^5+6y^4+13y^3+12y^2+4y : [(0, 2), (0, 4), (0, 5), (1, 3), (1, 5), (1, 6), (2, 4), (2, 6), (3, 5), (3, 6), (4, 6)]
