0_0 : x^5+2x^4+2x^3y+x^3+x^2y^2+x^2y : [(0, 4), (0, 5), (1, 4), (1, 5), (2, 5), (3, 5), (4, 5)]
0_1 : x^5+2x^4+2x^3y+x^3+x^2y^2+x^2y : [(0, 4), (0, 5), (1, 4), (1, 5), (2, 4), (3, 5), (4, 5)]
0_2 : x^5+2x^4+2x^3y+x^3+x^2y^2+x^2y : [(0, 3), (0, 4), (0, 5), (1, 4), (1, 5), (2, 5), (4, 5)]
0_3 : x^5+2x^4+2x^3y+x^3+x^2y^2+x^2y : [(0, 3), (0, 5), (1, 4), (1, 5), (2, 4), (2, 5), (4, 5)]
0_4 : x^5+2x^4+2x^3y+x^3+x^2y^2+x^2y : [(0, 3), (0, 4), (0, 5), (1, 5), (2, 5), (3, 4), (3, 5)]
0_5 : x^5+2x^4+2x^3y+x^3+x^2y^2+x^2y : [(0, 3), (0, 4), (0, 5), (1, 3), (2, 4), (3, 5), (4, 5)]
0_6 : x^5+2x^4+2x^3y+x^3+x^2y^2+x^2y : [(0, 2), (0, 4), (0, 5), (1, 3), (1, 5), (2, 4), (2, 5)]
1_0 : x^5+2x^4+3x^3+3x^2y+x^2+xy^2+xy : [(0, 4), (0, 5), (1, 4), (1, 5), (2, 4), (2, 5), (3, 5)]
1_1 : x^5+2x^4+3x^3+3x^2y+x^2+xy^2+xy : [(0, 3), (0, 4), (0, 5), (1, 3), (1, 4), (1, 5), (2, 5)]
2_0 : x^5+2x^4+2x^3y+x^3+2x^2y+xy^2 : [(0, 3), (0, 5), (1, 4), (1, 5), (2, 5), (3, 5), (4, 5)]
2_1 : x^5+2x^4+2x^3y+x^3+2x^2y+xy^2 : [(0, 3), (0, 5), (1, 4), (1, 5), (2, 4), (3, 5), (4, 5)]
2_2 : x^5+2x^4+2x^3y+x^3+2x^2y+xy^2 : [(0, 2), (0, 4), (0, 5), (1, 3), (1, 5), (2, 4), (3, 5)]
3_0 : x^5+2x^4+x^3y+2x^3+2x^2y+x^2+xy^2+xy : [(0, 3), (0, 4), (0, 5), (1, 4), (1, 5), (2, 5), (3, 5)]
3_1 : x^5+2x^4+x^3y+2x^3+2x^2y+x^2+xy^2+xy : [(0, 3), (0, 4), (0, 5), (1, 3), (2, 4), (2, 5), (3, 5)]
3_2 : x^5+2x^4+x^3y+2x^3+2x^2y+x^2+xy^2+xy : [(0, 3), (0, 4), (1, 3), (1, 5), (2, 4), (3, 5), (4, 5)]
4_0 : x^5+2x^4+x^3y+2x^3+2x^2y+x^2+2xy+y^2 : [(0, 3), (0, 5), (1, 4), (1, 5), (2, 4), (2, 5), (3, 5)]
5_0 : x^5+2x^4+3x^3+x^2y+3x^2+3xy+x+y^2+y : [(0, 3), (0, 4), (1, 4), (1, 5), (2, 4), (2, 5), (3, 5)]
6_0 : x^5+2x^4+3x^3+2x^2y+2x^2+2xy+x+y^2+y : [(0, 3), (0, 4), (0, 5), (1, 3), (1, 5), (2, 4), (2, 5)]
7_0 : x^5+2x^4+x^3y+2x^3+x^2y+2x^2+2xy+x+y^2+y : [(0, 3), (0, 4), (1, 3), (1, 5), (2, 4), (2, 5), (3, 5)]
